20
7 0 1 2 0 3 0 4 2 3 0 3 2 1 2 0 1 7 0 1 
3

Programmed by: ARAULLO, Eugenio Emmanuel A.
MP05 - LRU PAGE REPLACEMENT


Enter reference string size: 20
Enter reference string: 7 0 1 2 0 3 0 4 2 3 0 3 2 1 2 0 1 7 0 1 
Frame Size: 3

Page Replacement Table 

 7     0     1     2     0     3     0     4     2     3     0     3     2     1     2     0     1     7     0     1 
_____________________________________________________________________________________________________________________
[7]   [7]   [7]   [2]   [ ]   [2]   [ ]   [4]   [4]   [4]   [0]   [ ]   [ ]   [1]   [ ]   [1]   [ ]   [1]   [ ]   [ ]
[ ]   [0]   [0]   [0]   [ ]   [0]   [ ]   [0]   [0]   [3]   [3]   [ ]   [ ]   [3]   [ ]   [0]   [ ]   [0]   [ ]   [ ]
[ ]   [ ]   [1]   [1]   [ ]   [3]   [ ]   [3]   [2]   [2]   [2]   [ ]   [ ]   [2]   [ ]   [2]   [ ]   [7]   [ ]   [ ]

Display Page Fault: 12
